0.0 0.000159147462391498
1.0 0.000997044855880535
2.0 0.004314808733352142
3.0 0.012522369372651936
4.0 0.027843898815540148
5.0 0.04958756760220695
6.0 0.07616371035542542
7.0 0.10089186583741058
8.0 0.11698316847561942
9.0 0.1241167564495287
10.0 0.11872717639526417
11.0 0.10392249143011521
12.0 0.08701393415575853
13.0 0.06666647668219298
14.0 0.04958756760220695
15.0 0.034253458934878384
16.0 0.0233136044822903
17.0 0.014955721790423539
18.0 0.009042703550444323
19.0 0.005230088690678805
20.0 0.003115826972632146
21.0 0.0016985459502511977
22.0 0.0008989338803444511
23.0 0.0003699332863897141
24.0 0.00013725632585590486